Start Time,End Time,Heart
2020-11-20 23:51:00,2020-11-20 23:52:00,1
2020-11-20 23:52:00,2020-11-20 23:53:00,1
